-13.49968292248493
E_H2O: -466.1225988772539
E_O: -427.5222287307378
E_H1: -12.55034372743879
E_H2: -12.55034349659238
