-13.31798074740440
E_H2O: -466.1225988776397
E_O: -427.6271689751553
E_H1: -12.58872469295076
E_H2: -12.58872446212924
